币种,价格,数量,方向,时间戳,可读时间,起始仓位,交易方向,平仓收益,交易哈希,订单ID,是否交叉成交,手续费,交易ID,手续费代币,TWAP ID,金库地址,是否平仓,关联订单ID
BTC,60195.0,0.03321,A,1723402015934,2024-08-12 02:46:55.934,0.0,Open Short,0.0,0xf6b2d70f76828280abdd040f23f378018f00fa939c292c81cdf7c1bd5134c9a1,33797099114,True,0.699675,1103796149135102,USDC,,0x607709de3c920e76cf471df05da7a5e48c68f54d,,
BTC,59686.0,0.0166,B,1723405031880,2024-08-12 03:37:11.880,-0.03321,Close Short,8.4494,0xecf047ddbf1a07c4e7c0040f24adcb014c005d4441ebe2a802a8358ea183b5c5,33802066708,True,0.346775,965860856374487,USDC,,0x607709de3c920e76cf471df05da7a5e48c68f54d,,
BTC,58472.0,0.01661,B,1723436165717,2024-08-12 12:16:05.717,-0.01661,Close Short,28.61903,0x6a76ecf1b0f9ed844b85040f2c2fe0016d00f721a6d23c6d3c08bf693e4d1468,33854182791,True,0.339926,845500099662746,USDC,,0x607709de3c920e76cf471df05da7a5e48c68f54d,,
BTC,58000.0,0.04048,B,1723471269238,2024-08-12 22:01:09.238,0.0,Open Long,0.0,0xe40877eb200c0f211a58040f34a467020312000dc2b6d1f2c059932cd4b1ce45,33923620690,False,0.234784,1094733106021924,USDC,,0x607709de3c920e76cf471df05da7a5e48c68f54d,,
BTC,60207.0,0.04048,A,1723475275673,2024-08-12 23:07:55.673,0.04048,Close Long,89.33936,0x92d488ae7ea4040c1f0c040f359c7402015800def6b7140fc5f82a4855250fca,33940213763,True,0.853012,478994589062724,USDC,,0x607709de3c920e76cf471df05da7a5e48c68f54d,,
SUI,1.0810808,830.2,A,1723475582761,2024-08-12 23:13:02.761,0.0,Open Short,0.0,0x4b2e91011a9e38393846040f35af79015300c7b73acf0e9ff8567ca3566815dc,33941051696,True,0.314128,207102852439888,USDC,,0x607709de3c920e76cf471df05da7a5e48c68f54d,,
SUI,1.0701,830.2,B,1723476487414,2024-08-12 23:28:07.414,-830.2,Close Short,9.115596,0xe11149108f2c99c53d7d040f35e78802018c00ea872e8bd58383a58625f9c17b,33944643418,True,0.310938,1107662602420727,USDC,,0x607709de3c920e76cf471df05da7a5e48c68f54d,,
CRV,0.30509,3620.3,A,1723523083428,2024-08-13 12:24:43.428,0.0,Open Short,0.0,0x6fcbafb00e002cac5e3e040f4129bc014200aee19a0b2298f9ea77d48f998361,34028785961,True,0.386581,568927653072975,USDC,,0x607709de3c920e76cf471df05da7a5e48c68f54d,,
CRV,0.30473,3620.3,B,1723524771448,2024-08-13 12:52:51.448,-3620.3,Close Short,1.303308,0x4254879edca7db74a1ca040f41936d0000a3c031b6e83650067fd6abedb9cd7b,34030522090,True,0.386124,288432961658166,USDC,,0x607709de3c920e76cf471df05da7a5e48c68f54d,,
CRV,0.30497527,3792.7,A,1723526015257,2024-08-13 13:13:35.257,0.0,Open Short,0.0,0xea2f2071146ba2d6c1ac040f41e16c013700dc7cd427f461aa914ed03c360ba2,34031886157,True,0.404837,917001496809553,USDC,,0x607709de3c920e76cf471df05da7a5e48c68f54d,,
CRV,0.3051,3792.7,B,1723529713040,2024-08-13 14:15:13.040,-3792.7,Close Short,-0.493051,0x571da2cd5cb373fef76b040f42c8c9000088ce28c68df9af310731250c35069f,34035153162,True,0.405003,736591017126226,USDC,,0x607709de3c920e76cf471df05da7a5e48c68f54d,,
BTC,59054.0,0.0376,B,1723553740571,2024-08-13 20:55:40.571,0.0,Open Long,0.0,0xfcb45b2eb43b0f23b10d040f489b5e019700595a68827e74b27d358861ce03f7,34069296677,True,0.77715,276789045951596,USDC,,0x607709de3c920e76cf471df05da7a5e48c68f54d,,
SUI,0.98549,1506.4,B,1723553755122,2024-08-13 20:55:55.122,0.0,Open Long,0.0,0xd444f4811d6d9517c866040f489c430201b3003f53579cdaa733e57b1042f6aa,34069324765,True,0.519589,959319928750671,USDC,,0x607709de3c920e76cf471df05da7a5e48c68f54d,,
NEAR,4.03792872,442.5,B,1723553915350,2024-08-13 20:58:35.350,0.0,Open Long,0.0,0x76d46558ca500c053b43040f48a62601a3002220200c952e347eb9607b241cba,34069574162,True,0.625372,78638140353223,USDC,,0x607709de3c920e76cf471df05da7a5e48c68f54d,,
TIA,5.5979,297.4,B,1723554098697,2024-08-13 21:01:38.697,0.0,Open Long,0.0,0x57f1cde7e8d635b6ea23040f48b16601760028da0fd7711a969a4ac245c2d01d,34069936764,True,0.582685,136605901761135,USDC,,0x607709de3c920e76cf471df05da7a5e48c68f54d,,
TAO,278.97,0.98,B,1723554735293,2024-08-13 21:12:15.293,0.0,Open Long,0.0,0x804ca8425d3a1a3fe08f040f48d8d5013a001ae0098e9f9917b276940f6b109c,34071101742,True,0.095686,613483739620818,USDC,,0x607709de3c920e76cf471df05da7a5e48c68f54d,,
TIA,5.6074,297.4,A,1723556173297,2024-08-13 21:36:13.297,297.4,Close Long,2.8253,0x68689e81e54369748bf0040f4931a20000804a9f4ee8080e7906ec78d30fbb3c,34073802791,True,0.583674,406533210939660,USDC,,0x607709de3c920e76cf471df05da7a5e48c68f54d,,
TAO,281.1287551,0.98,A,1723556666842,2024-08-13 21:44:26.842,0.98,Close Long,2.11558,0x74f661c581eb0afc89f8040f49501301a400f3ba12f63c7649dc37dabdb85e3f,34075164902,True,0.096426,241898804668274,USDC,,0x607709de3c920e76cf471df05da7a5e48c68f54d,,
BTC,59208.0,0.0376,A,1723556703918,2024-08-13 21:45:03.918,0.0376,Close Long,5.7904,0xe760f5e5619446a70295040f495260017a0001c644ecdb10956d6f0cbea7ed73,34075242821,True,0.779177,336646515792495,USDC,,0x607709de3c920e76cf471df05da7a5e48c68f54d,,
NEAR,4.04007774,442.5,A,1723556744118,2024-08-13 21:45:44.118,442.5,Close Long,0.9548,0x03ef354402e2577377b0040f4954e3017800e195ff4dda54357f7c2eb07afca9,34075324698,True,0.625705,1017618892881451,USDC,,0x607709de3c920e76cf471df05da7a5e48c68f54d,,
CRV,0.31776469,6276.0,A,1723556859198,2024-08-13 21:47:39.198,0.0,Open Short,0.0,0x0ee3cc414dd6de9200e6040f495c03018f00a3c24965325a99ecfaf3fae4b5d5,34075663206,True,0.697999,277018099395816,USDC,,0x607709de3c920e76cf471df05da7a5e48c68f54d,,
CRV,0.31781692,6276.0,B,1723557439975,2024-08-13 21:57:19.975,-6276.0,Close Short,-0.357232,0x6df003e21f06aa54a2b2040f497ffd01010065fcee0bb5f3d02a59beab0bbd64,34077080736,True,0.698114,530960095615136,USDC,,0x607709de3c920e76cf471df05da7a5e48c68f54d,,
BTC,59206.0,0.05098,B,1723559528994,2024-08-13 22:32:08.994,0.0,Open Long,0.0,0xe4e019afd06648b2d727040f4a00b002016000288191d586544b177140a8bc86,34081990328,True,1.056412,83970712491503,USDC,,0x607709de3c920e76cf471df05da7a5e48c68f54d,,
JTO,2.4286,281.0,B,1723559793080,2024-08-13 22:36:33.080,0.0,Open Long,0.0,0x6a8b8fbb558b23fd4271040f4a10e702010a0061e5386b61168b23447000caaa,34082817395,True,0.238852,668041178182276,USDC,,0x607709de3c920e76cf471df05da7a5e48c68f54d,,
BTC,59607.0,0.05098,A,1723561417165,2024-08-13 23:03:37.165,0.05098,Close Long,20.44298,0x338f3a8c40eabfd3c368040f4a717b016900c13332bdefe98b904bda9553707e,34086038167,True,1.063567,683632975780679,USDC,,0x607709de3c920e76cf471df05da7a5e48c68f54d,,
JTO,2.4454,281.0,A,1723561430345,2024-08-13 23:03:50.345,281.0,Close Long,4.7208,0xb621d881a74a5b58a3cc040f4a724e012800571f53a826cdfb54232b84e7c73c,34086062755,True,0.240504,344501190251513,USDC,,0x607709de3c920e76cf471df05da7a5e48c68f54d,,
BTC,59514.0,0.03759,A,1723561779836,2024-08-13 23:09:39.836,0.0,Open Short,0.0,0xfde5f30bfb9714b6f0df040f4a87e20201aa00ee094afca5ce8f6571a7730a9b,34086750840,True,0.782995,999224273412789,USDC,,0x607709de3c920e76cf471df05da7a5e48c68f54d,,
BTC,59507.0,0.03759,B,1723564112978,2024-08-13 23:48:32.978,-0.03759,Close Short,0.26313,0xd37d6ce046a45c0f1825040f4b181b0000d3633ee486a945a2b05568737b271b,34090563387,True,0.782903,134659490801969,USDC,,0x607709de3c920e76cf471df05da7a5e48c68f54d,,
SUI,0.96694,1506.4,A,1723568619378,2024-08-14 01:03:39.378,1506.4,Close Long,-27.94372,0xcdb1d5c3a333bfe660be040f4c2ed701b800169c80fdea03b7f8f3d82d059f79,34100227331,True,0.509809,106919835030609,USDC,,0x607709de3c920e76cf471df05da7a5e48c68f54d,,
kBONK,0.020071,47214.0,A,1723568711907,2024-08-14 01:05:11.907,0.0,Open Short,0.0,0xe41f15d24646a2c43e86040f4c349402016e0024e55f258a8bdd8d354adee700,34100507967,True,0.331671,395723424011285,USDC,,0x607709de3c920e76cf471df05da7a5e48c68f54d,,
kBONK,0.020066,47214.0,B,1723569070683,2024-08-14 01:11:10.683,-47214.0,Close Short,0.23607,0x74fdfa21ce7bfd7532e2040f4c4acb02023f0033df220cc76fdd986aa281c779,34101421226,True,0.331588,918934643251144,USDC,,0x607709de3c920e76cf471df05da7a5e48c68f54d,,
W,0.23058,2347.7,A,1723569660584,2024-08-14 01:21:00.584,0.0,Open Short,0.0,0x989759dc34499b5e6bf0040f4c6f3f015f00daf7e8f7ecbc083d69ee2fa3e3e7,34102807972,True,0.189466,757948467309821,USDC,,0x607709de3c920e76cf471df05da7a5e48c68f54d,,
W,0.2302,2347.7,B,1723570485628,2024-08-14 01:34:45.628,-2347.7,Close Short,0.892126,0x4a6556d803fd27340c5b040f4ca24700000fc45df9139f9b0dc8e50bf3039a6d,34104256913,True,0.189154,471315200082594,USDC,,0x607709de3c920e76cf471df05da7a5e48c68f54d,,
BTC,61015.50328407,0.02436,B,1723612437853,2024-08-14 13:13:57.853,0.0,Open Long,0.0,0x905f15594934fd1c8b24040f56bee501b40011da318a2459d86c2101c7e0de93,34153906409,True,0.520216,137019275537798,USDC,,0x607709de3c920e76cf471df05da7a5e48c68f54d,,
TNSR,0.35629,1051.3,A,1723615381875,2024-08-14 14:03:01.875,0.0,Open Short,0.0,0x53f6ad2d074cd7db7f79040f5774a901ac00b7ee61b6c9dbbcd75d6fcfd899df,34157176935,True,0.131098,381868310844952,USDC,,0x607709de3c920e76cf471df05da7a5e48c68f54d,,
TNSR,0.35633,1051.3,B,1723615690053,2024-08-14 14:08:10.053,-1051.3,Close Short,-0.042052,0xbc02d97255830b8f9186040f5787b100005831a5bccf0b398d7a4caa4b1d03bf,34157570739,True,0.131113,154150660310665,USDC,,0x607709de3c920e76cf471df05da7a5e48c68f54d,,
SOL,145.48,3.08,B,1723616644750,2024-08-14 14:24:04.750,0.0,Open Long,0.0,0xbb5059ceec8ed485def6040f57c2ad01a7006a0aa875403e32aa7a11ee2ecd98,34158951400,True,0.156827,427292685169396,USDC,,0x607709de3c920e76cf471df05da7a5e48c68f54d,,
ETH,2751.2,0.6395,B,1723632620826,2024-08-14 18:50:20.826,0.0,Open Long,0.0,0xab2a3a1141a9cec097ec040f5b9647018d00fa1eb5452db7c196dadacee2f4fc,34176047148,False,0.175939,893690890189122,USDC,,0x607709de3c920e76cf471df05da7a5e48c68f54d,,
ETH,2745.1,0.1401,B,1723633185782,2024-08-14 18:59:45.782,0.6395,Open Long,0.0,0x80a1f396ed07fce3e567040f5bb941014800ea8e59b49bc0249c1339006a2e45,34176772719,True,0.134605,251180084355241,USDC,,0x607709de3c920e76cf471df05da7a5e48c68f54d,,
BTC,61033.2820197,0.02436,A,1723633299535,2024-08-14 19:01:39.535,0.02436,Close Long,0.43317,0x71d2d3e44fd6a9507abb040f5bc03f000023ac3ba2af03dd63002dceb7ae5c59,34173474103,True,0.520365,52062121998881,USDC,,0x607709de3c920e76cf471df05da7a5e48c68f54d,,
SOL,146.93,3.08,A,1723633467898,2024-08-14 19:04:27.898,3.08,Close Long,4.466,0xaaee107af3270e6f64c1040f5bcaa7018100ac76bef24cd30e8009f5626f3f63,34177310477,True,0.15839,233640614589446,USDC,,0x607709de3c920e76cf471df05da7a5e48c68f54d,,
BTC,60943.9598774,0.03589,B,1723633752263,2024-08-14 19:09:12.263,0.0,Open Long,0.0,0xf91493edb2aba38ebbfc040f5bdc4301780070e241ada22082a5e0446cfe7888,34177800312,True,0.765547,1044350288791532,USDC,,0x607709de3c920e76cf471df05da7a5e48c68f54d,,
WIF,1.68,179.0,B,1723634046709,2024-08-14 19:14:06.709,0.0,Open Long,0.0,0x8d87b57dec1c582aaa52040f5bee6d01f9001bfbac9735d855424ab4224b2afb,34178183424,True,0.105252,1097826683844099,USDC,,0x607709de3c920e76cf471df05da7a5e48c68f54d,,
ETH,2753.9,0.7796,A,1723637466731,2024-08-14 20:11:06.731,0.7796,Close Long,2.96248,0xd75368aa6731bbaa23ea040f5cc1b401350001dac1547da928e7e65b57dae013,34182920407,True,0.751429,663651180967652,USDC,,0x607709de3c920e76cf471df05da7a5e48c68f54d,,
BTC,61347.0,0.03589,A,1723637929527,2024-08-14 20:18:49.527,0.03589,Close Long,14.467259,0xa32a0f8a2fb669631419040f5cde5101c100d3a584179b4af29bb417f61e18eb,34183623492,True,0.77061,473788509060584,USDC,,0x607709de3c920e76cf471df05da7a5e48c68f54d,,
WIF,1.6933,179.0,A,1723637930735,2024-08-14 20:18:50.735,179.0,Close Long,2.3807,0xc52c2c3339042f634b7a040f5cde65014700818fbb97fc62d186d5677eaa90f3,34183624623,True,0.106085,894414164682139,USDC,,0x607709de3c920e76cf471df05da7a5e48c68f54d,,
ETH,2745.5,0.7416,B,1723638082884,2024-08-14 20:21:22.884,0.0,Open Long,0.0,0x7ea44c2c02218203828e040f5ce7c7014800d8a7d6ee1f50d47736856f7480b5,34183808124,True,0.712621,122276110235783,USDC,,0x607709de3c920e76cf471df05da7a5e48c68f54d,,
ETH,2754.0,0.7416,A,1723638265399,2024-08-14 20:24:25.399,0.7416,Close Long,6.3036,0x291309df7845cd15c335040f5cf314020257000137ac85b02c9d9c56adac9995,34184125671,True,0.714828,650163919594122,USDC,,0x607709de3c920e76cf471df05da7a5e48c68f54d,,
BTC,61000.0,0.01925,B,1723638735302,2024-08-14 20:32:15.302,0.0,Open Long,0.0,0xd021ba9a25b9a25e6e00040f5d101e00003a7c9f0f69b2b28799efb2e97ef48a,34183769699,False,0.117425,460219703352480,USDC,,0x607709de3c920e76cf471df05da7a5e48c68f54d,,
BTC,61000.0,0.02472,B,1723638736614,2024-08-14 20:32:16.614,0.01925,Open Long,0.0,0xb7c3b443cac34dbbac85040f5d10340201f600a6a0a405e0e390aa50fba7b7c0,34183769699,False,0.150792,244352066705661,USDC,,0x607709de3c920e76cf471df05da7a5e48c68f54d,,
BTC,61000.0,0.02136,B,1723638737642,2024-08-14 20:32:17.642,0.04397,Open Long,0.0,0xb88210c77437d293e9aa040f5d10450201d40065c56ab5e2044bbbf9466f4213,34183769699,False,0.130296,368818762952765,USDC,,0x607709de3c920e76cf471df05da7a5e48c68f54d,,
BTC,61280.0,0.06533,A,1723638898876,2024-08-14 20:34:58.876,0.06533,Close Long,18.2924,0x5b5d32aea66019b85af3040f5d1a3901b40018d9f1d75f4ecd600760696bd989,34186390908,True,1.401197,825833928120429,USDC,,0x607709de3c920e76cf471df05da7a5e48c68f54d,,
BTC,61000.0,0.01,B,1723639961336,2024-08-14 20:52:41.336,0.0,Open Long,0.0,0x6e0f972a2f0c7afdc54a040f5d5be502020c00bc9bf99823e60ae83f475741dd,34186484271,False,0.061,165642712863207,USDC,,0x607709de3c920e76cf471df05da7a5e48c68f54d,,
BTC,61000.0,0.02328,B,1723639961803,2024-08-14 20:52:41.803,0.01,Open Long,0.0,0xb01607cb81777049b13e040f5d5bee00002e95b3d43844a0d8c995ac5c5a0681,34186484271,False,0.142008,469295089931887,USDC,,0x607709de3c920e76cf471df05da7a5e48c68f54d,,
BTC,60809.0,0.00715,B,1723641846955,2024-08-14 21:24:06.955,0.03328,Open Long,0.0,0xbfbd8324d8d8556fdb9e040f5dd082014e00260c8139b1a9bea4d9da9c82a775,34195109362,True,0.152174,57002305757924,USDC,,0x607709de3c920e76cf471df05da7a5e48c68f54d,,
TAO,278.62513884,3.061,B,1723642118746,2024-08-14 21:28:38.746,0.0,Open Long,0.0,0xd6ac0249189f78088655040f5de147018900325077844ea4d1369ee27e24de83,34195550701,True,0.298504,854587014180325,USDC,,0x607709de3c920e76cf471df05da7a5e48c68f54d,,
BTC,60222.0,0.03527,B,1723643139464,2024-08-14 21:45:39.464,0.04043,Open Long,0.0,0x685366265ff6bdc62287040f5e208601fc00b32f4e6cb95e1f7b939b1374c41a,34198821005,True,0.743409,793173659207238,USDC,,0x607709de3c920e76cf471df05da7a5e48c68f54d,,
BTC,59414.85570695,0.04477,B,1723644186824,2024-08-14 22:03:06.824,0.0757,Open Long,0.0,0x12cf0a311b92fbd9c327040f5e4f960201770079242efa6b9c810ebae39d8a2c,34202458251,True,0.931001,867717107714671,USDC,,0x607709de3c920e76cf471df05da7a5e48c68f54d,,
kPEPE,0.008014,241250.0,B,1723645245658,2024-08-14 22:20:45.658,0.0,Open Long,0.0,0x3ec7ba4de94afa93d3c0040f5e7cb502013c0018437ed33c5940b0e3675b7920,34206097300,True,0.676682,415966074140880,USDC,,0x607709de3c920e76cf471df05da7a5e48c68f54d,,
TAO,275.81,1.105,B,1723648903715,2024-08-14 23:21:43.715,3.061,Open Long,0.0,0xf26a26abb6a8e9b9367c040f5f50b40157000ce8ba8d1aaa03baae19f1c75033,34214393031,True,0.106669,877311326908359,USDC,,0x607709de3c920e76cf471df05da7a5e48c68f54d,,
kPEPE,0.008036,241250.0,A,1723649722572,2024-08-14 23:35:22.572,241250.0,Close Long,5.3075,0x201170379babae515e02040f5f8383015f007a3c4c6089f101edbd010a1d58b9,34215931397,True,0.678539,73292247688690,USDC,,0x607709de3c920e76cf471df05da7a5e48c68f54d,,
WLD,1.6236,1419.9,A,1723653189595,2024-08-15 00:33:09.595,0.0,Open Short,0.0,0x8322dabac065c7bae93d040f605a1601cf00adec122f7d5b5068a78028ca0909,34223749295,True,0.806872,667372908451092,USDC,,0x607709de3c920e76cf471df05da7a5e48c68f54d,,
WLD,1.6193,1419.9,B,1723653297457,2024-08-15 00:34:57.457,-1419.9,Close Short,6.10557,0x61c35225aa7302f9bb81040f6060c50201b400dc59dda01e88b78faf73f35352,34223927456,True,0.804735,894415977840487,USDC,,0x607709de3c920e76cf471df05da7a5e48c68f54d,,
WIF,1.5855,319.0,B,1723653497765,2024-08-15 00:38:17.765,0.0,Open Long,0.0,0x053079af3e642b6330e3040f606d2801a800dd5d2f5e49998487b457f53ef8b2,34224353582,True,0.177021,463695801018130,USDC,,0x607709de3c920e76cf471df05da7a5e48c68f54d,,
kBONK,0.019313,53472.0,B,1723653602310,2024-08-15 00:40:02.310,0.0,Open Long,0.0,0x1b1bb8d277038cc595e6040f60739b014400f3ce4894a0b2395803006029f95e,34224536263,True,0.361446,76506275775365,USDC,,0x607709de3c920e76cf471df05da7a5e48c68f54d,,
kBONK,0.019333,53472.0,A,1723656073792,2024-08-15 01:21:13.792,53472.0,Close Long,1.06944,0xac9fe556f124e4e6d1fd040f610c860134001b14af94e26ae20478fbbdea51d8,34229017897,True,0.36182,1067294243584458,USDC,,0x607709de3c920e76cf471df05da7a5e48c68f54d,,
WIF,1.5893,319.0,A,1723658906434,2024-08-15 02:08:26.434,319.0,Close Long,1.2122,0x2f8aa60c7380f56b4af9040f61bbcf01710078d3542ecb8a791c028bf7ccc027,34232485292,True,0.177445,178437602985322,USDC,,0x607709de3c920e76cf471df05da7a5e48c68f54d,,
JTO,2.4322,271.0,B,1723664179623,2024-08-15 03:36:19.623,0.0,Open Long,0.0,0xc05e554235c79e73db21040f63015e01b800fb2268cdb30d1c2e71634724b22e,34238632437,True,0.230694,583687894975686,USDC,,0x607709de3c920e76cf471df05da7a5e48c68f54d,,
TAO,278.17175708,4.166,A,1723682292699,2024-08-15 08:38:12.699,4.166,Close Long,1.223792,0x3dcb5b28fcb52e607902040f67620d0000963830cb3d833143a5b5a0e2388204,34236147466,True,0.405601,676050803104623,USDC,,0x607709de3c920e76cf471df05da7a5e48c68f54d,,
JTO,2.4924,271.0,A,1723683017635,2024-08-15 08:50:17.635,271.0,Close Long,16.3142,0xc9faba4172737ceea665040f678ef0014100e9fafd60777261a5a465c48543d3,34257042266,True,0.236404,649721819550370,USDC,,0x607709de3c920e76cf471df05da7a5e48c68f54d,,
kPEPE,0.007873,123590.0,B,1723743930224,2024-08-16 01:45:30.224,0.0,Open Long,0.0,0xb01177b6172fe5c2e19b040f75adf401900062ea4a2e01fcff04b9edda45245b,34333798672,True,0.340558,1061110446334850,USDC,,0x607709de3c920e76cf471df05da7a5e48c68f54d,,
JTO,2.3008,329.0,B,1723744034688,2024-08-16 01:47:14.688,0.0,Open Long,0.0,0x97d7082fadb7c26ac2b3040f75b46d016600a2dfddf04ef04bc403a1c31d2252,34334032580,True,0.264937,1052884860747848,USDC,,0x607709de3c920e76cf471df05da7a5e48c68f54d,,
JTO,2.30039362,329.0,A,1723744236731,2024-08-16 01:50:36.731,329.0,Close Long,-0.133679,0x48d48b739ffd007d64bf040f75c0c900002dcf416f3f72a2c3ec1f0be8eb39dc,34334248409,True,0.26489,1096070563669149,USDC,,0x607709de3c920e76cf471df05da7a5e48c68f54d,,
JTO,2.30104255,329.0,B,1723744513069,2024-08-16 01:55:13.069,0.0,Open Long,0.0,0x4cd6463ae2112b456dd8040f75d1bd01fc000038db987675747284c81e4806ca,34334751520,True,0.264964,818171738401116,USDC,,0x607709de3c920e76cf471df05da7a5e48c68f54d,,
kPEPE,0.00754,33905.0,B,1723745295574,2024-08-16 02:08:15.574,123590.0,Open Long,0.0,0x2a30eb9a7dd5c5e466e6040f7601b602013f0027e2da25be90eb376606296457,34337659859,True,0.089475,203292822218053,USDC,,0x607709de3c920e76cf471df05da7a5e48c68f54d,,
POPCAT,0.49675,1344.0,A,1723745574917,2024-08-16 02:12:54.917,0.0,Open Short,0.0,0x6c6510a98d9f3c9ec6fa040f7612c902012c008e85fa97e525bf3a51e9263887,34338577072,True,0.233671,120323865812942,USDC,,0x607709de3c920e76cf471df05da7a5e48c68f54d,,
POPCAT,0.49553,1344.0,B,1723745656654,2024-08-16 02:14:16.654,-1344.0,Close Short,1.63968,0x60769d496906566020b0040f7617c40000fd3d6bcebb4e0d25f262ccd6b81473,34338858852,True,0.233097,1087159776887966,USDC,,0x607709de3c920e76cf471df05da7a5e48c68f54d,,
JTO,2.2734,329.0,A,1723745931245,2024-08-16 02:18:51.245,329.0,Close Long,-9.094218,0x4ae49e690a99c0987f93040f762888020264002d2c742b74ca5701b7c7a8f658,34339821845,True,0.261782,770512146685689,USDC,,0x607709de3c920e76cf471df05da7a5e48c68f54d,,
POPCAT,0.4903,1344.0,A,1723745949943,2024-08-16 02:19:09.943,0.0,Open Short,0.0,0x655c98dbcd2d94084c80040f7629b3019c00e8637f11cf2d7add5633c3de9595,34339901017,True,0.230637,580250997909030,USDC,,0x607709de3c920e76cf471df05da7a5e48c68f54d,,
POPCAT,0.4901771,1344.0,B,1723746036028,2024-08-16 02:20:36.028,-1344.0,Close Short,0.16518,0xadaa1ba579e05a603cc6040f762ef50000ab2a130eb70326a0c514a904cfaf49,34340184533,True,0.230578,131081343752277,USDC,,0x607709de3c920e76cf471df05da7a5e48c68f54d,,
JTO,2.2776,280.0,B,1723746272191,2024-08-16 02:24:32.191,0.0,Open Long,0.0,0xd6adf1516f0b9cbb8b65040f763d690201370046cb4c18257587e0a96fba1833,34340886053,True,0.223204,387582305735393,USDC,,0x607709de3c920e76cf471df05da7a5e48c68f54d,,
JTO,2.2787,280.0,A,1723746521493,2024-08-16 02:28:41.493,280.0,Close Long,0.308,0xf11f69a660e9913e4970040f764ca301540053206f450bf43d90e8d7cd7b9720,34341452523,True,0.223312,1012584830898544,USDC,,0x607709de3c920e76cf471df05da7a5e48c68f54d,,
WLD,1.5023,253.6,A,1723779714529,2024-08-16 11:41:54.529,0.0,Open Short,0.0,0x14875dffa4f8de2f5dd0040f7e18bf013500cf97fe71c477cba27d16a9103ba3,34388767176,True,0.133344,259414541702850,USDC,,0x607709de3c920e76cf471df05da7a5e48c68f54d,,
WLD,1.5018,253.6,B,1723780587211,2024-08-16 11:56:27.211,-253.6,Close Short,0.1268,0xbfd7e2789713e3687226040f7e4ded00006ca39fc88c1b3a06e51139d4ccb160,34389567655,True,0.133299,72753249485001,USDC,,0x607709de3c920e76cf471df05da7a5e48c68f54d,,
kPEPE,0.006967,157495.0,A,1723822940299,2024-08-16 23:42:20.299,157495.0,Close Long,-131.35083,0xe6333ec711c077c8a211040f88609f01c60003166e69fb014cc67d66e56208a0,34451499420,True,0.384043,50463430781286,USDC,,0x607709de3c920e76cf471df05da7a5e48c68f54d,,
BTC,59279.0,0.03704,B,1723904434434,2024-08-17 22:20:34.434,0.12047,Open Long,0.0,0x42c9ad8073f46bfcd8c9040f9bc5a0017d00360fe0186bd0d538513c0683373d,34541798335,True,0.768492,199730404596013,USDC,,0x607709de3c920e76cf471df05da7a5e48c68f54d,,
TIA,4.8991,139.9,B,1724074889373,2024-08-19 21:41:29.373,0.0,Open Long,0.0,0x44d46fe6c01158fe270c040fc48446015f003bfbc5a6f5e07e34b4a5e1805ba1,34742324450,True,0.239884,768200239993537,USDC,,0x607709de3c920e76cf471df05da7a5e48c68f54d,,
TIA,4.8783,139.9,A,1724075168147,2024-08-19 21:46:08.147,139.9,Close Long,-2.90992,0xa44e1a417ef52927837a040fc4957d000028bbabb75ce43df38da86a54d52b4a,34742486584,True,0.238865,741782047894505,USDC,,0x607709de3c920e76cf471df05da7a5e48c68f54d,,
BTC,60335.0,0.15751,A,1724113838692,2024-08-20 08:30:38.692,0.15751,Close Long,58.782732,0x2266825dd04f23a71a52040fcde3e50000c8fc97707822c2227b2ccc14925cc2,34710904541,True,3.326177,867919564521267,USDC,,0x607709de3c920e76cf471df05da7a5e48c68f54d,,
WLD,1.5673,842.0,A,1724152413987,2024-08-20 19:13:33.987,0.0,Open Short,0.0,0xa4c5f343f24882c2a861040fd729110116002b74e152ae6fd436f03f86ebabe8,34849491556,True,0.461883,259427610584385,USDC,,0x607709de3c920e76cf471df05da7a5e48c68f54d,,
WLD,1.5677,842.0,B,1724152522093,2024-08-20 19:15:22.093,-842.0,Close Short,-0.3368,0xf010b73da1fec5580ad0040fd72fc600004abb98beed848b23147f1b0db6a5cc,34849567720,True,0.462001,904145227296731,USDC,,0x607709de3c920e76cf471df05da7a5e48c68f54d,,
BTC,59937.0,0.01466,B,1724163641478,2024-08-20 22:20:41.478,0.0,Open Long,0.0,0x1e215918fcce1cef56e5040fd9de3701af00c5f024246efd37eee6a3333c87e1,34865730704,True,0.307536,100093787259878,USDC,,0x607709de3c920e76cf471df05da7a5e48c68f54d,,
kPEPE,0.007816,49848.0,B,1724163811004,2024-08-20 22:23:31.004,0.0,Open Long,0.0,0x0f52cc39f070a9ee96aa040fd9e8a102026a001af08144315be0ee588a58a9a4,34866277044,True,0.136364,1002874001481716,USDC,,0x607709de3c920e76cf471df05da7a5e48c68f54d,,
WIF,1.5331,40.0,A,1724163973870,2024-08-20 22:26:13.870,0.0,Open Short,0.0,0x52979d603909a8fcfde1040fd9f2b202011d00540470d3dda6025a864b7cd42c,34866655431,False,0.006132,464169359276268,USDC,,0x607709de3c920e76cf471df05da7a5e48c68f54d,,
WIF,1.5331,248.0,A,1724163974692,2024-08-20 22:26:14.692,-40.0,Open Short,0.0,0x6d9c710ec569ebdebb42040fd9f2bf0202c1003ccc6b1205886763088b6d323e,34866655431,False,0.03802,945105861307456,USDC,,0x607709de3c920e76cf471df05da7a5e48c68f54d,,
kPEPE,0.007807,96212.0,B,1724164447149,2024-08-20 22:34:07.149,49848.0,Open Long,0.0,0xe1a790b573b9a56d1e80040fda0fd1014e0039baf45d77e517ae31f6423e572f,34867904449,True,0.262894,788772255383742,USDC,,0x607709de3c920e76cf471df05da7a5e48c68f54d,,
SOL,143.03,9.38,B,1724165292735,2024-08-20 22:48:12.735,0.0,Open Long,0.0,0x623524342e96cb316169040fda43f001bb00b4ca7979c9dcc10d72a59da8d2da,34870026516,True,0.469567,313996355932429,USDC,,0x607709de3c920e76cf471df05da7a5e48c68f54d,,
WIF,1.5489,288.0,B,1724165341774,2024-08-20 22:49:01.774,-288.0,Close Short,-4.5504,0x95b1ecb69766b16375c2040fda46fd0170007c6a40f48d5f90eff2abb10e918b,34870185319,True,0.156129,681855638492014,USDC,,0x607709de3c920e76cf471df05da7a5e48c68f54d,,
BTC,58934.0,0.01466,A,1724170567796,2024-08-21 00:16:07.796,0.01466,Close Long,-14.70398,0xf2a43a0529bd765f7cb5040fdb8971015900147a69f4b770024041c88270cc10,34881721232,True,0.30239,1103671548657829,USDC,,0x607709de3c920e76cf471df05da7a5e48c68f54d,,
SOL,142.27,9.38,A,1724170569004,2024-08-21 00:16:09.004,9.38,Close Long,-7.1288,0x3130b389eb8251e0818b040fdb8984016d00ec24dab663a7247880b9bb3a1794,34881723712,True,0.467072,201401575928447,USDC,,0x607709de3c920e76cf471df05da7a5e48c68f54d,,
kPEPE,0.00776164,146060.0,A,1724170570430,2024-08-21 00:16:10.430,146060.0,Close Long,-7.063313,0xf93ab973fa707bfc5393040fdb899a017000a39b792c2dba75598bf6a2796d07,34881728044,True,0.396782,990996706504842,USDC,,0x607709de3c920e76cf471df05da7a5e48c68f54d,,
BTC,60041.0,0.03241,A,1724249344379,2024-08-21 22:09:04.379,0.0,Open Short,0.0,0xa515722a288c3a1432fb040fee751a015700f9237a6903d753f311bb52e44b8c,34970776270,True,0.681075,588137909462582,USDC,,0x607709de3c920e76cf471df05da7a5e48c68f54d,,
BTC,60151.0,0.03241,B,1724249421379,2024-08-21 22:10:21.379,-0.03241,Close Short,-3.5651,0xd695855df0868df67eeb040fee79de01b100652baabb2ba3a567c38d7885635d,34971007470,True,0.682322,527967605989922,USDC,,0x607709de3c920e76cf471df05da7a5e48c68f54d,,
BTC,61429.0,0.03536,A,1724271879129,2024-08-22 04:24:39.129,0.0,Open Short,0.0,0x1df83b8ffa9852858208040ff3e101013800d0996bf01e2031a6f144649a1d21,35015741749,True,0.760245,798830740949031,USDC,,0x607709de3c920e76cf471df05da7a5e48c68f54d,,
BTC,61171.0,0.05076,A,1724273105179,2024-08-22 04:45:05.179,-0.03536,Open Short,0.0,0x59bc373387f1c7bd2feb040ff42ccd0144007c32a90c96130b5eae285c20fcb5,35017506781,True,1.086763,69001952147327,USDC,,0x607709de3c920e76cf471df05da7a5e48c68f54d,,
BTC,60980.0,0.01545,A,1724273532885,2024-08-22 04:52:12.885,-0.08612,Open Short,0.0,0xe05e53e581f881be89dc040ff4473d016100c20d918a4e86d0b6d47fd80d201b,35018222565,True,0.329749,431567322159626,USDC,,0x607709de3c920e76cf471df05da7a5e48c68f54d,,
BTC,61213.0,0.10157,B,1724273888842,2024-08-22 04:58:08.842,-0.10157,Close Short,1.899359,0xed3b5126c240670d09ac040ff45d440000f10eed31a047daac57ced7b1b9248d,35018252050,True,2.176091,897266094616275,USDC,,0x607709de3c920e76cf471df05da7a5e48c68f54d,,
BTC,61180.0,0.02206,A,1724273921065,2024-08-22 04:58:41.065,0.0,Open Short,0.0,0xbee306dbb99e61316df4040ff45f440162000cc151daa87e01b2bd2a209956a2,35018789361,True,0.47237,1111997814476650,USDC,,0x607709de3c920e76cf471df05da7a5e48c68f54d,,
BTC,61228.0,0.02206,B,1724273969276,2024-08-22 04:59:29.276,-0.02206,Close Short,-1.05888,0x4605394353c60204aa97040ff46243018e00c609d741aab07d99f55bb601d1dc,35018855984,True,0.472741,782725654721674,USDC,,0x607709de3c920e76cf471df05da7a5e48c68f54d,,
BTC,63942.0,0.04017,B,1724583825079,2024-08-25 19:03:45.079,0.0,Open Long,0.0,0xc3c29be514f10c4f0b10041036820e01420000e343be964b45e552594f7d59b2,35461821979,True,0.898992,780077508998769,USDC,,0x607709de3c920e76cf471df05da7a5e48c68f54d,,
JTO,2.6994,1286.0,B,1724583894362,2024-08-25 19:04:54.362,0.0,Open Long,0.0,0xdf6cc2918b0e5be0336f0410368515015b0045327c025d0a613f8477975c226d,35461927171,True,1.214999,449756202979580,USDC,,0x607709de3c920e76cf471df05da7a5e48c68f54d,,
BTC,63947.0,0.04017,A,1724584063515,2024-08-25 19:07:43.515,0.04017,Close Long,0.20085,0xcdb0e04091bf595ceb610410368c7d000010e929f6504e7fd2f26e52eaaef3b8,35462153676,True,0.899062,675075225941622,USDC,,0x607709de3c920e76cf471df05da7a5e48c68f54d,,
JTO,2.69986672,1286.0,A,1724584114584,2024-08-25 19:08:34.584,1286.0,Close Long,0.6002,0xacb4adb9200ad58cbda90410368eb700007f620e698ad555e3c641f4d55379a3,35462038734,True,1.215209,237723094099697,USDC,,0x607709de3c920e76cf471df05da7a5e48c68f54d,,
JTO,2.7085,973.0,B,1724584484795,2024-08-25 19:14:44.795,0.0,Open Long,0.0,0x930dd57e3acc954a0f490410369eed012000359b24674a637e67d6f183688276,35462644147,True,0.922379,1021444606226750,USDC,,0x607709de3c920e76cf471df05da7a5e48c68f54d,,
JTO,2.6995,309.0,B,1724584576648,2024-08-25 19:16:16.648,973.0,Open Long,0.0,0x87c95f51ed641b9a2b91041036a2e5018a004ed490e3252e039d0359503c9546,35462776873,True,0.29195,483360182080064,USDC,,0x607709de3c920e76cf471df05da7a5e48c68f54d,,
JTO,2.6969,164.0,B,1724584679826,2024-08-25 19:17:59.826,1282.0,Open Long,0.0,0x52d015cd7d5f97c09c1a041036a76d01f200ba48fe5368ff1a91187effb219bf,35462911538,True,0.154802,213164559236449,USDC,,0x607709de3c920e76cf471df05da7a5e48c68f54d,,
BTC,63930.0,0.0455,A,1724585169129,2024-08-25 19:26:09.129,0.0,Open Short,0.0,0xbc2b88c94f4e3cd1a109041036bcd9014c000caa63c29fdb1e0066a6f3792ca6,35463475005,True,1.018085,731058298399752,USDC,,0x607709de3c920e76cf471df05da7a5e48c68f54d,,
TRX,0.16089351,30820.0,A,1724585271408,2024-08-25 19:27:51.408,0.0,Open Short,0.0,0x2375e6571e5a4bfcda37041036c14f02015900adfe73de12e07c09ade0dd55ca,35463579468,True,1.735554,1071259132930587,USDC,,0x607709de3c920e76cf471df05da7a5e48c68f54d,,
BTC,63917.0,0.0455,B,1724586171100,2024-08-25 19:42:51.100,-0.0455,Close Short,0.5915,0xd28530630c723b334bb4041036e8a6012700651040fe324d0893ce146216b69a,35464849171,True,1.017878,826499281097482,USDC,,0x607709de3c920e76cf471df05da7a5e48c68f54d,,
JTO,2.71159136,1446.0,A,1724592536137,2024-08-25 21:28:56.137,1446.0,Close Long,9.153694,0xa4cb700914fbbc963ce6041037ff16018d00dbb5c72928770d89dc7b6c361769,35472725475,True,1.372335,388521045299238,USDC,,0x607709de3c920e76cf471df05da7a5e48c68f54d,,
POPCAT,0.76419,710.0,B,1724592629558,2024-08-25 21:30:29.558,0.0,Open Long,0.0,0xa071a9e3af3ca4f4f92f041038032901b200f8077e4d2b42b23b266e73bba794,35472936280,True,0.189901,92880489608869,USDC,,0x607709de3c920e76cf471df05da7a5e48c68f54d,,
POPCAT,0.76513,710.0,A,1724593160484,2024-08-25 21:39:20.484,710.0,Close Long,0.6674,0x9f9e3da8204ac3cbdfd60410381a53012a001010d40a141d536a2854f4a145fb,35473816868,True,0.190134,395732421443294,USDC,,0x607709de3c920e76cf471df05da7a5e48c68f54d,,
JTO,2.7,82.0,B,1724593409301,2024-08-25 21:43:29.301,0.0,Open Long,0.0,0xfe3736b962c73146e4130410382536014a0055e08c37868f7cddc12fd3fa28ec,35472826347,False,0.02214,227561715778772,USDC,,0x607709de3c920e76cf471df05da7a5e48c68f54d,,
JTO,2.7,73.0,B,1724593409991,2024-08-25 21:43:29.991,82.0,Open Long,0.0,0x826a914d4a616b75a954041038253d0202dd00f5a8a9b68a1b55207e1e15d012,35472826347,False,0.01971,1108921766945420,USDC,,0x607709de3c920e76cf471df05da7a5e48c68f54d,,
JTO,2.7,458.0,B,1724593413349,2024-08-25 21:43:33.349,155.0,Open Long,0.0,0x9e3d4b6c505c918f97f90410382566015d00368e0ed420ff249f8206dea281f8,35472826347,False,0.12366,565400791239991,USDC,,0x607709de3c920e76cf471df05da7a5e48c68f54d,,
TRX,0.16414513,30820.0,B,1724595802270,2024-08-25 22:23:22.270,-30820.0,Close Short,-100.23065,0x022cc2f411602c833b4e0410388dd9010100d42834f30ee2115e5c55bf7694dd,35475063825,True,1.770631,1050439932002356,USDC,,0x607709de3c920e76cf471df05da7a5e48c68f54d,,
JTO,2.6984,632.0,B,1724597010279,2024-08-25 22:43:30.279,613.0,Open Long,0.0,0x483db23630e0c965b653041038c2b101f300f1b33761097de4d1edf3a9243aaf,35479774018,True,0.596886,769269055607710,USDC,,0x607709de3c920e76cf471df05da7a5e48c68f54d,,
TRX,0.16541,11685.0,A,1724601654062,2024-08-26 00:00:54.062,0.0,Open Short,0.0,0xab506711f6ae08143ed00410398da601690014d410e180001c83f18a87f0fb9e,35486695501,True,0.676485,557384319769496,USDC,,0x607709de3c920e76cf471df05da7a5e48c68f54d,,
TRX,0.16516,12476.0,A,1724604003729,2024-08-26 00:40:03.729,-11685.0,Open Short,0.0,0xdfc072f93a03e26a3e64041039f46101f700d4074b0297bcb5c3ec239fab9877,35490642689,True,0.721187,732544509118103,USDC,,0x607709de3c920e76cf471df05da7a5e48c68f54d,,
JTO,2.65917711,1245.0,A,1724605179178,2024-08-26 00:59:39.178,1245.0,Close Long,-49.812315,0x3425c7cfede0c44fe8ae04103a27bd015c0042732011708241a7bd3f036869ea,35492565571,True,1.158736,931470411542567,USDC,,0x607709de3c920e76cf471df05da7a5e48c68f54d,,
TRX,0.16469,5509.0,A,1724605420192,2024-08-26 01:03:40.192,-24161.0,Open Short,0.0,0xd32a0143b4fd1940727e04103a323b01a2000f95eb496c91690dd4b3c76aab2c,35492980010,True,0.317547,1011881774780698,USDC,,0x607709de3c920e76cf471df05da7a5e48c68f54d,,
TRX,0.16513,29670.0,B,1724607758527,2024-08-26 01:42:38.527,-29670.0,Close Short,1.21647,0xaebe3a7e20bf22c8551604103a987f0000f2761788ea444dd2bbc05c4d97fe80,35493612949,True,1.714792,203862844240061,USDC,,0x607709de3c920e76cf471df05da7a5e48c68f54d,,
TRX,0.16453,18231.0,A,1724608322435,2024-08-26 01:52:02.435,0.0,Open Short,0.0,0x87e3c1800b26ed6c11da04103ab11b014300a2d894ac897bd1aaf65fff8c8124,35497029406,True,1.04984,171391318547242,USDC,,0x607709de3c920e76cf471df05da7a5e48c68f54d,,
TRX,0.16436,18231.0,B,1724640647228,2024-08-26 10:50:47.228,-18231.0,Close Short,3.09927,0x60188142a78b0cc3175b04104034c90155005fbb80271f4e45072cfe3f81f511,35545201180,True,1.048756,776142674597594,USDC,,0x607709de3c920e76cf471df05da7a5e48c68f54d,,
JTO,2.6749,553.0,B,1724640880972,2024-08-26 10:54:40.972,0.0,Open Long,0.0,0x3533fb47a58997660f820410403ef5015300b16d44c5ffeee621c245fa5829df,35545498805,True,0.517726,313159567696534,USDC,,0x607709de3c920e76cf471df05da7a5e48c68f54d,,
WIF,1.847,486.0,B,1724641157380,2024-08-26 10:59:17.380,0.0,Open Long,0.0,0xd185387a6c7b8b9c3acc0410404b12014700e1a4034768cbf6c30e0b32d8ee37,35545815093,True,0.314174,51714118933186,USDC,,0x607709de3c920e76cf471df05da7a5e48c68f54d,,
JTO,2.6793,553.0,A,1724641494482,2024-08-26 11:04:54.482,553.0,Close Long,2.4332,0xc983aeb511bd7514e9bc04104059b5000059824c8116b8ae36c81fe2989cc608,35546043639,True,0.518578,47406799624940,USDC,,0x607709de3c920e76cf471df05da7a5e48c68f54d,,
BTC,64141.0,0.06317,B,1724641925752,2024-08-26 11:12:05.752,0.0,Open Long,0.0,0xb5917f76a1bb79e6953d0410406c7a015a0038cb72e2d8b1e981430a60e800ff,35546880896,True,1.418125,1033094379464181,USDC,,0x607709de3c920e76cf471df05da7a5e48c68f54d,,
POPCAT,0.75359,798.0,A,1724641972235,2024-08-26 11:12:52.235,0.0,Open Short,0.0,0x5b75f7501c35f3bf290e0410406e82017d0038ea3659a5e6e7ca3d4a142dffdc,35546924859,True,0.210477,1039604359834741,USDC,,0x607709de3c920e76cf471df05da7a5e48c68f54d,,
POPCAT,0.75936,798.0,B,1724642213103,2024-08-26 11:16:53.103,-798.0,Close Short,-4.60446,0xf497ecf321bec2499e5c0410407905012a0034b937495be75babd4a18d328a68,35547155507,True,0.212088,571861209439570,USDC,,0x607709de3c920e76cf471df05da7a5e48c68f54d,,
WIF,1.8503,325.0,B,1724642235650,2024-08-26 11:17:15.650,486.0,Open Long,0.0,0x55ea0023edd5e107338a0410407a0101c800a6540eb71fe10a4c2cb87a687e5a,35547199182,True,0.210471,516039470852162,USDC,,0x607709de3c920e76cf471df05da7a5e48c68f54d,,
WIF,1.8748,317.0,B,1724644914240,2024-08-26 12:01:54.240,811.0,Open Long,0.0,0xdd674b2b3866fd46369b041040eea1012300ec38759b77b5abe1a91842f6ab9f,35550244986,True,0.208008,96148324864110,USDC,,0x607709de3c920e76cf471df05da7a5e48c68f54d,,
BTC,64149.0,0.06317,A,1724645712152,2024-08-26 12:15:12.152,0.06317,Close Long,0.50536,0xc0ce272dfa6304b15de704104111730000f4763c5801fb644e04465340746d3c,35550354975,True,1.418301,196316969979392,USDC,,0x607709de3c920e76cf471df05da7a5e48c68f54d,,
WIF,1.8663,1128.0,A,1724645757732,2024-08-26 12:15:57.732,1128.0,Close Long,11.885736,0xc4bb709a5714adeb24f2041041136f01f700558cd7432739f949f2ccb11f1fb5,35551163708,True,0.736815,800258155613489,USDC,,0x607709de3c920e76cf471df05da7a5e48c68f54d,,
WIF,1.8823,270.0,B,1724645964955,2024-08-26 12:19:24.955,0.0,Open Long,0.0,0x3c29785a393597ca67000410411c80015a0007ffca50b8fdf8ddb29eb79608fe,35551443682,True,0.177877,429419928823921,USDC,,0x607709de3c920e76cf471df05da7a5e48c68f54d,,
POPCAT,0.76571,1072.0,B,1724646056959,2024-08-26 12:20:56.959,0.0,Open Long,0.0,0x0a312f19f1eb58b0d6d2041041208a013f00d98a97b0c14e3cb1d8642f7d6c06,35551574978,True,0.287294,425817287843515,USDC,,0x607709de3c920e76cf471df05da7a5e48c68f54d,,
WIF,1.886,270.0,A,1724646249667,2024-08-26 12:24:09.667,270.0,Close Long,0.999,0x9468b7a05a21c284a78604104128f702015800a6e73d0bd92b6a7e5424a3663d,35551869314,True,0.178227,518785506649288,USDC,,0x607709de3c920e76cf471df05da7a5e48c68f54d,,
POPCAT,0.7565,1072.0,A,1724647304047,2024-08-26 12:41:44.047,1072.0,Close Long,-9.87312,0x922781fb7920a43b811604104156d8012a00e5e15617e4e42b82194cb665c9d2,35552965462,True,0.283838,257038555443587,USDC,,0x607709de3c920e76cf471df05da7a5e48c68f54d,,
JTO,2.7068,600.0,A,1724649480733,2024-08-26 13:18:00.733,0.0,Open Short,0.0,0xe0734ee783e7788be4ef041041b59f012e00a20d07b8d91901a69bda32375509,35555092857,True,0.568428,504105860202336,USDC,,0x607709de3c920e76cf471df05da7a5e48c68f54d,,
JTO,2.7058,600.0,B,1724649744672,2024-08-26 13:22:24.672,-600.0,Close Short,0.6,0xb15c83b25d143fb283ba041041c11d000066ab13803e021ec7a2a559b64df77a,35555334459,True,0.568218,355627147481836,USDC,,0x607709de3c920e76cf471df05da7a5e48c68f54d,,
kPEPE,0.0090925,33019.0,A,1724650021967,2024-08-26 13:27:01.967,0.0,Open Short,0.0,0x7e5c974e65aa1903399e041041cd3b019400c9c7ab3ec950c374d4e674bb61d7,35555662631,True,0.105078,177554582754288,USDC,,0x607709de3c920e76cf471df05da7a5e48c68f54d,,
kPEPE,0.009065,33019.0,B,1724650274714,2024-08-26 13:31:14.714,-33019.0,Close Short,0.891513,0xedf4136c82324d820967041041d846010e0052af7f12afcf7bfd083d981ed3d7,35556050982,True,0.104761,200888824433293,USDC,,0x607709de3c920e76cf471df05da7a5e48c68f54d,,
WIF,1.8581,182.0,B,1724650328104,2024-08-26 13:32:08.104,0.0,Open Long,0.0,0x1c04fadade1593c61696041041daa00116008dcb5b39da1d615bd5fa89d98829,35556119866,True,0.11836,1056255073921500,USDC,,0x607709de3c920e76cf471df05da7a5e48c68f54d,,
WIF,1.8603,257.0,B,1724650479179,2024-08-26 13:34:39.179,182.0,Open Long,0.0,0x98563c848813724816fa041041e13f014e00b0204c066cd1d3bbca67641faae2,35556300925,True,0.167333,938688955149212,USDC,,0x607709de3c920e76cf471df05da7a5e48c68f54d,,
WIF,1.8607,439.0,A,1724650628589,2024-08-26 13:37:08.589,439.0,Close Long,0.576407,0xa006013764efa56d5bd9041041e7c70000bc4a746e2c1bdc2166f795a4014f3d,35556376835,True,0.285896,216429236174752,USDC,,0x607709de3c920e76cf471df05da7a5e48c68f54d,,
BTC,63803.0,0.1065,B,1724658158606,2024-08-26 15:42:38.606,0.0,Open Long,0.0,0xc4a8a11bf13e6e958e320410433068014600bcc3d267c952215459bd92180476,35567153482,True,2.378256,798664972492094,USDC,,0x607709de3c920e76cf471df05da7a5e48c68f54d,,
BTC,63709.0,0.1065,A,1724658580681,2024-08-26 15:49:40.681,0.1065,Close Long,-10.011,0x3f96b68641f7056f7e5304104342cc00001a2784d7810f46d3cfc962141356b9,35567242260,True,2.374752,1014855589684023,USDC,,0x607709de3c920e76cf471df05da7a5e48c68f54d,,
MEW,0.00519109,96321.0,B,1724671623846,2024-08-26 19:27:03.846,0.0,Open Long,0.0,0x20f3ce474ebeda74a7f2041045a590016a00aa8c059dfb220a768233e70e6f96,35585028207,True,0.175002,831513274662328,USDC,,0x607709de3c920e76cf471df05da7a5e48c68f54d,,
WIF,1.92793166,259.0,A,1724671911651,2024-08-26 19:31:51.651,0.0,Open Short,0.0,0x40d0fe1b044562c43898041045b75d0157000ff99a0b5d82c4c2e40f71a35740,35585364553,True,0.174766,813151237985581,USDC,,0x607709de3c920e76cf471df05da7a5e48c68f54d,,
WIF,1.8913,259.0,B,1724675907580,2024-08-26 20:38:27.580,-259.0,Close Short,9.487429,0x1b97e032f456e16792cb041046aeaa0170003070b6354ffbbbe06cac34a2860b,35591889364,True,0.171446,434001257856566,USDC,,0x607709de3c920e76cf471df05da7a5e48c68f54d,,
MEW,0.00505694,96321.0,A,1724675928769,2024-08-26 20:38:48.769,96321.0,Close Long,-12.912947,0xe107a057d01d24545c6a041046affb00001841e82b9d13688c841ab08868c520,35591846255,True,0.17048,881963663986779,USDC,,0x607709de3c920e76cf471df05da7a5e48c68f54d,,
BTC,63674.0,0.09384,B,1724675972529,2024-08-26 20:39:32.529,0.0,Open Long,0.0,0x54d2e548ce21a936510a041046b2ad016500dffd97bf595e88643a8c5208feff,35592035668,True,2.091307,48407018403636,USDC,,0x607709de3c920e76cf471df05da7a5e48c68f54d,,
BTC,63638.0,0.03393,B,1724676210094,2024-08-26 20:43:30.094,0.09384,Open Long,0.0,0x1ec479107707b7078b65041046c16101c0009db30e20c2008ca3c247424c6ec1,35592637382,True,0.755733,526261696347531,USDC,,0x607709de3c920e76cf471df05da7a5e48c68f54d,,
WIF,1.8829,461.0,B,1724677020735,2024-08-26 20:57:00.735,0.0,Open Long,0.0,0x8b1ee2329f7baa6f78f9041046f39002013100c0c11bcf4c3f36781c94049e2f,35594819038,True,0.303805,614405893808055,USDC,,0x607709de3c920e76cf471df05da7a5e48c68f54d,,
WIF,1.9068,316.0,B,1724677866560,2024-08-26 21:11:06.560,461.0,Open Long,0.0,0x7f40b7f48c7ebafdff1204104727e0015e00ce52243ceeba0d86938085f09220,35596739078,True,0.210892,781974416945887,USDC,,0x607709de3c920e76cf471df05da7a5e48c68f54d,,
WIF,1.9077,283.0,B,1724678170727,2024-08-26 21:16:10.727,777.0,Open Long,0.0,0x45597601dfd0be465cce0410473aaa014700742ed0b74ca8b00cd9afd98a0c64,35597299319,True,0.188957,104889350378104,USDC,,0x607709de3c920e76cf471df05da7a5e48c68f54d,,
BTC,63826.0,0.03,B,1724678282542,2024-08-26 21:18:02.542,0.12777,Open Long,0.0,0xc87ae137c3cd03b8709e041047419601b00004cdde30b8bf8974b56a534c6fa5,35597493908,True,0.670173,1034631158235111,USDC,,0x607709de3c920e76cf471df05da7a5e48c68f54d,,
BTC,63765.59149395,0.15777,A,1724679074540,2024-08-26 21:31:14.540,0.15777,Close Long,11.121443,0x294399c1140bea8168080410476c7a000097f6f2a72dd94783fbf55a872bc6cb,35597483546,True,3.521103,1122893781293820,USDC,,0x607709de3c920e76cf471df05da7a5e48c68f54d,,
WIF,1.89896528,1060.0,A,1724679706211,2024-08-26 21:41:46.211,1060.0,Close Long,2.45844,0xb5b35ce81941755bec4a041047938b0000ed999ab1daa85862d1bca4052676ab,35597120050,True,0.704514,244759710801341,USDC,,0x607709de3c920e76cf471df05da7a5e48c68f54d,,
BTC,63577.0,0.06266,B,1724679804841,2024-08-26 21:43:24.841,0.0,Open Long,0.0,0xa5870d600e243a507bce04104799aa0201a200981cb0f3dee66b6b9f53a629b2,35600553906,True,1.394306,500010296915821,USDC,,0x607709de3c920e76cf471df05da7a5e48c68f54d,,
WIF,1.9022,308.0,B,1724679885000,2024-08-26 21:44:45.000,0.0,Open Long,0.0,0x5f25764cbe2877f5185f0410479e9e0201ba002f71202d264fd3a6406a1d2024,35600737936,True,0.205057,177457692231305,USDC,,0x607709de3c920e76cf471df05da7a5e48c68f54d,,
BTC,63598.0,0.06266,A,1724679934800,2024-08-26 21:45:34.800,0.06266,Close Long,1.31586,0xc447a5508ba4a0144c82041047a1b40000de9a2638e9aedd41d6ac2d936a0444,35600668164,True,1.394767,356249973375929,USDC,,0x607709de3c920e76cf471df05da7a5e48c68f54d,,
WIF,1.88852013,308.0,A,1724679998794,2024-08-26 21:46:38.794,308.0,Close Long,-4.2134,0x8b0e1eeab4bf365acb58041047a5a302010800bd900864327d4d6ef90e63008f,35601058315,True,0.203582,874591202908392,USDC,,0x607709de3c920e76cf471df05da7a5e48c68f54d,,
BTC,63610.0,0.07809,B,1724680022885,2024-08-26 21:47:02.885,0.0,Open Long,0.0,0x2bbf765373802d596b0b041047a7250201bd008e7410c4db5c32b06917a45dd5,35601137708,True,1.738556,1120392449319364,USDC,,0x607709de3c920e76cf471df05da7a5e48c68f54d,,
BTC,63617.0,0.07809,A,1724680058211,2024-08-26 21:47:38.211,0.07809,Close Long,0.54663,0x525bf8cae8776fe3bf3b041047a9560000e010efd8a839b0563def380a124d24,35601254753,True,1.738748,1018894221535991,USDC,,0x607709de3c920e76cf471df05da7a5e48c68f54d,,
BTC,63485.0,0.10929,B,1724684452375,2024-08-26 23:00:52.375,0.0,Open Long,0.0,0x74ae17e301379dd0fc37041048b909019400ab708b82b3619b254f08d1d02eee,35612799750,True,2.428396,49013634977710,USDC,,0x607709de3c920e76cf471df05da7a5e48c68f54d,,
POPCAT,0.73832,783.0,A,1724684803003,2024-08-26 23:06:43.003,0.0,Open Short,0.0,0xd200d3b201ab56f35bd5041048ceb4015b00327675280ce6b57117a6b2301247,35613419898,True,0.202336,703769591630250,USDC,,0x607709de3c920e76cf471df05da7a5e48c68f54d,,
POPCAT,0.74029,783.0,B,1724684904093,2024-08-26 23:08:24.093,-783.0,Close Short,-1.54251,0x7e2afdf9e58d84a0dc14041048d4fb0158006359c9a69a27543a00a899f41590,35613599907,True,0.202876,718408782595153,USDC,,0x607709de3c920e76cf471df05da7a5e48c68f54d,,
BTC,63376.0,0.06091,B,1724684982975,2024-08-26 23:09:42.975,0.10929,Open Long,0.0,0x31ac1c7088fb6bb2efb0041048d9dd0150006528640013febaddd7a9e5b2cfd0,35613713528,True,1.35108,50954885985106,USDC,,0x607709de3c920e76cf471df05da7a5e48c68f54d,,
BTC,63356.0,0.05132,B,1724685178833,2024-08-26 23:12:58.833,0.1702,Open Long,0.0,0x33ffd6a895de62351f7e041048e5fd014a007fc783770fa18205ff88ad75dcbc,35614069638,True,1.138,638987527071572,USDC,,0x607709de3c920e76cf471df05da7a5e48c68f54d,,
WIF,1.8401,218.0,B,1724685376928,2024-08-26 23:16:16.928,0.0,Open Long,0.0,0x43b39164e0aab5c83b0e041048f23f01ce00d93d497f2347b4e58dd9d6b3924b,35614535858,True,0.140399,226441602835745,USDC,,0x607709de3c920e76cf471df05da7a5e48c68f54d,,
WIF,1.8433,348.0,B,1724685460641,2024-08-26 23:17:40.641,218.0,Open Long,0.0,0xbcfda70cc7617ab2eff4041048f76b019e000d0e91a1af70e04b9501f2cbd575,35614777341,True,0.224513,108809368146944,USDC,,0x607709de3c920e76cf471df05da7a5e48c68f54d,,
WIF,1.8433,566.0,A,1724685973857,2024-08-26 23:26:13.857,566.0,Close Long,0.697878,0x8a98c3441a083fa6be34041049172d0000d95c1eb1cc6ffe04d22e0bcdeed3f8,35615467872,True,0.365157,187320889476895,USDC,,0x607709de3c920e76cf471df05da7a5e48c68f54d,,
BTC,63439.28557241,0.22152,A,1724686273463,2024-08-26 23:31:13.463,0.22152,Close Long,3.142388,0x215e6396cf4732227c0a0410492997011500a8a2e015ba97c3183a5e68b2ad60,35616438953,True,4.918574,3056255880086,USDC,,0x607709de3c920e76cf471df05da7a5e48c68f54d,,
WIF,1.8401,401.0,B,1724686524585,2024-08-26 23:35:24.585,0.0,Open Long,0.0,0xea480ff4208bb8b95c240410493921019100971d949782e47e9fe7177a53a127,35616008027,False,0.073788,40856509694330,USDC,,0x607709de3c920e76cf471df05da7a5e48c68f54d,,
WIF,1.84509451,401.0,A,1724686897391,2024-08-26 23:41:37.391,401.0,Close Long,2.0028,0x3317d17c71a373ab18c00410495032017e0021fe4bf8c4fb1d87ac7373d38bc5,35617544106,True,0.258958,175784358199254,USDC,,0x607709de3c920e76cf471df05da7a5e48c68f54d,,
